Name
Apples
Artichokes
Arugula
Asian Pears
Avocados
Basil
Beets
Bok Choy
Broccoli
Brussels Sprouts
Burdock
Cabbage
Cantaloupe
Cardoons
Carrots
Cauliflower
Celery
Celery Root
Chard
Chestnuts
Chicories
Chili Peppers
Chives
Cilantro
Citrus
Collard Greens
Corn
Cucumbers
Dates
Edamame
Endive
Fennel
Figs
Garlic
Ginger
Grapefruit
Grapes
Green Beans
Green Onions
Ground Cherries
Horseradish
Kale
Kiwi
Kohlrabi
Lamb's Quarters
Leeks
Lemongrass
Lemons
Lettuce
Mandarins
Melons
Mint
Mushrooms
Mustard Greens
Nopales
Okra
Olives
Onions
Oranges
Oregano
Parsley
Parsnips
Pears
Peas
Pecans
Peppers
Persimmons
Pistachios
Plums
Pomegranates
Potatoes
Pummelo
Pumpkin
Purslane
Quince
Radicchio
Radishes
Rapini
Raspberries
Rhubarb
Rosemary
Rutabaga
Sage
Salsify
Snap Peas
Snow Peas
Sorrel
Spinach
Sprouts
Summer Squash
Sunchokes
Sweet Potatoes
Tangerines
Tarragon
Thyme
Tomatillos
Tomatoes
Turnips
Watercress
Watermelon
Winter Squash
